SampleID	Sex	Stress	OTU1	OTU2	OTU3	OTU4	OTU5	OTU6	OTU7	OTU8	OTU9	OTU10	OTU11	OTU12	OTU13	OTU14	OTU15	OTU16	OTU17	OTU18	OTU19	OTU20	OTU21	OTU22	OTU23	OTU24	OTU25	OTU26	OTU27	OTU28	OTU29	OTU30	OTU31	OTU32	OTU33	OTU34	OTU35	OTU36	OTU37	OTU38	OTU39	OTU40	OTU41	OTU42	OTU43	OTU44	OTU45	OTU46	OTU47	OTU48	OTU49	OTU50	OTU51	OTU52	OTU53	OTU54	OTU55	OTU56	OTU57	OTU58	OTU59	OTU60	OTU61	OTU62	OTU63	OTU64	OTU65	OTU66	OTU67	OTU68	OTU69	OTU70	OTU71	OTU72	OTU73	OTU74	OTU75	OTU76	OTU77	OTU78	OTU79	OTU80	OTU81	OTU82	OTU83	OTU84	OTU85	OTU86	OTU87	OTU88	OTU89	OTU90	OTU91	OTU92	OTU93	OTU94	OTU95	OTU96	OTU97	OTU98	OTU99	OTU100	OTU101	OTU102	OTU103	OTU104	OTU105	OTU106	OTU107	OTU108	OTU109	OTU110	OTU111	OTU112	OTU113	OTU114	OTU115	OTU116	OTU117	OTU118	OTU119	OTU120	OTU121	OTU122	OTU123	OTU124	OTU125	OTU126	OTU127	OTU128	OTU129	OTU130	OTU131	OTU132	OTU133	OTU134	OTU135
1FARA	Male	Non-stressed	5	2	1	22	3	278	5	6	1	2	1	4	1	2	0	21	0	18	0	37	0	5	3	1	35	93	0	0	4	2	0	334	18	1	1	0	3	1	0	0	0	5	4	29	0	18	0	41	65	105	5	4	10	4169	1	0	2	36	10	6	2	92	2	5	1	3	416	89	2	7	4	3	12	15	2	5	4657	0	0	1	6	7	0	2	7	0	30	0	596	303	1	28	27	0	2	5	0	0	3	0	2	0	5	19	0	16	4	39	1	1	0	38	6	2	0	1	3	10	3	1	9	6	5	18	0	31	0	8	3	2	6	1	0	2	3
1FARB	Female	Non-stressed	0	0	0	9	0	77	0	0	0	0	0	1	0	2	0	4	0	4	0	81	1	8	5	1	12	17	0	0	1	1	2	396	8	0	0	0	0	1	0	0	0	5	11	8	0	43	1	6	25	21	2	8	1	8495	2	1	8	7	4	0	0	145	3	0	0	3	1347	38	9	8	1	1	11	2	0	0	359	1	0	4	1	4	0	5	1	1	4	0	142	424	0	5	53	0	0	4	1	4	0	0	0	0	0	8	3	31	36	3	1	4	1	11	0	1	0	0	1	1	2	6	2	1	0	5	1	4	0	9	3	3	1	0	0	2	0
1FARC	Male	Heat-stressed	0	2	1	4	0	5	0	0	0	0	2	0	11	0	0	1	0	2	0	20	1	0	47	0	1	0	0	1	0	0	0	36	3	0	0	0	0	0	0	5	0	0	11	0	0	170	0	0	1	0	0	0	0	556	0	0	38	0	0	0	4	7	0	0	2	0	10820	3	1	0	0	0	3	1	0	0	53	5	0	5	0	0	0	2	0	0	4	0	4	32	0	1	7	0	0	0	11	18	0	0	0	1	1	0	0	5	67	0	1	0	0	2	0	0	0	0	1	0	0	0	0	0	0	8	2	0	1	0	1	9	0	0	0	0	0
1FARD	Female	Heat-stressed	0	1137	0	8	0	1	0	0	0	0	0	0	0	0	18	0	3	4	0	41	0	7	0	2	22	2	0	0	0	0	127	246	1	2	0	20	0	31	0	0	0	8	2679	5	0	18	21	0	39	0	0	1	0	4585	0	4	0	0	0	0	0	172	0	0	3	0	578	1	14	4	0	1	6	0	0	0	816	2	0	0	0	4	1	342	0	0	3	0	6	837	0	0	23	23	0	0	1	2	3	1	1	0	0	2	18	14	10	7	0	1	0	3	0	0	9	0	0	1	0	1	4	0	0	5	2	7	23	2	11	0	2	0	0	1	1
1FBRA	Male	Non-stressed	0	1	0	32	0	417	10	3	4	2	0	3	1	1	0	9	0	28	0	23	1	2	2	0	21	87	0	0	5	12	0	231	28	2	1	0	1	0	1	0	0	7	6	45	2	11	0	42	53	96	16	4	13	3374	4	3	0	38	5	3	1	48	7	5	9	7	306	161	11	5	7	8	6	15	1	2	5385	1	0	3	3	7	0	0	7	0	25	0	821	336	4	16	19	0	0	0	1	1	1	0	4	0	3	0	4	14	0	7	7	0	0	30	0	0	0	2	2	6	0	2	4	2	1	4	1	22	0	2	2	1	0	0	0	0	1
1FBRC	Male	Heat-stressed	0	5	0	5	0	3	0	0	0	0	0	0	16	0	0	0	0	1	0	18	1	0	32	0	1	1	0	0	0	0	0	40	1	0	0	0	0	0	1	7	2	0	10	0	0	186	0	0	2	0	0	0	0	523	0	0	39	0	0	1	1	4	0	0	1	0	10828	1	0	4	1	1	1	1	1	0	61	4	0	3	0	0	2	1	0	0	4	0	4	29	0	0	8	0	0	0	9	21	0	0	0	2	0	0	0	5	74	0	1	1	0	7	0	0	0	0	0	0	0	1	0	0	0	14	0	0	0	0	3	7	0	0	0	0	0
1FBRD	Female	Heat-stressed	0	1108	0	3	0	1	0	0	0	1	0	0	0	2	27	0	7	2	1	36	0	3	2	0	20	1	0	0	0	0	116	272	1	2	0	31	1	25	1	1	1	11	2675	2	0	14	27	1	53	2	0	2	0	4723	0	0	3	0	0	0	0	170	0	0	0	0	557	1	5	1	0	0	8	0	0	0	828	2	0	0	0	4	0	348	1	0	3	0	4	738	3	0	21	15	0	0	1	2	0	3	0	0	0	7	9	13	6	2	0	0	1	4	0	1	7	0	0	3	0	7	0	0	0	4	5	5	23	0	6	0	3	0	1	0	0
1FCRA	Male	Non-stressed	2	3	0	25	4	330	9	4	4	2	0	0	0	0	0	12	1	28	0	30	0	5	0	0	42	69	0	1	3	9	2	204	45	1	3	0	3	0	1	1	0	7	11	55	1	20	2	59	65	77	12	1	5	3322	3	1	4	31	23	3	5	56	7	8	2	6	277	147	4	13	2	18	6	22	0	4	5570	1	0	3	5	18	0	4	2	2	29	0	688	358	1	28	16	0	1	2	0	0	0	0	2	0	4	7	3	10	5	23	2	1	0	23	6	0	0	0	2	4	4	0	5	2	2	3	1	26	0	0	2	1	7	0	3	1	1
1FCRB	Female	Non-stressed	2	8	0	5	2	92	1	0	3	0	0	1	0	1	0	5	0	5	0	66	1	11	4	0	13	18	0	0	0	1	0	451	11	2	0	0	2	0	0	1	0	5	10	16	0	32	1	14	40	30	2	8	2	8212	2	1	10	13	0	1	2	125	1	0	1	2	1332	31	3	1	4	0	13	6	0	1	472	1	0	2	1	4	0	1	2	1	3	0	205	458	3	3	52	0	1	4	4	11	0	0	2	1	1	18	2	18	34	9	0	5	1	7	3	3	0	0	3	1	1	1	1	0	6	5	0	2	0	1	6	3	4	1	4	0	2
1FCRC	Male	Heat-stressed	0	2	1	2	0	3	0	0	0	0	1	0	10	0	0	0	0	1	0	30	0	1	29	0	1	2	0	0	0	0	0	94	0	2	0	1	0	0	0	6	8	0	5	2	0	241	0	0	4	0	0	1	0	700	0	0	58	0	1	0	2	10	0	0	0	0	10371	2	1	2	0	2	2	3	0	0	87	1	0	12	0	1	0	1	0	0	1	0	6	22	1	0	8	0	4	0	22	33	0	0	0	8	0	0	1	9	128	0	1	2	1	2	0	0	0	0	0	0	0	1	0	0	1	21	1	1	0	0	4	19	0	0	0	0	0
1FCRD	Female	Heat-stressed	0	1146	0	4	0	4	0	0	1	0	2	0	0	3	36	0	3	2	1	35	0	5	4	1	32	0	0	0	0	0	120	277	1	1	0	41	0	24	1	0	0	8	2701	3	9	19	34	0	47	0	0	2	0	4428	0	5	2	1	0	0	0	173	0	0	1	0	504	0	6	0	0	0	7	4	0	1	957	0	1	0	0	10	2	376	0	0	2	0	4	772	4	1	17	26	0	0	0	2	0	3	4	0	0	7	11	13	3	5	1	1	0	4	0	0	7	0	0	0	0	1	0	1	1	5	8	9	28	3	3	2	3	0	2	1	1
1FDRA	Male	Non-stressed	2	0	0	26	0	412	5	3	5	2	1	1	0	1	0	23	0	44	0	16	0	3	2	2	42	81	0	1	1	9	0	210	23	0	8	0	2	0	0	1	0	6	7	33	0	15	0	55	78	103	11	5	16	3182	9	0	0	41	3	3	1	51	9	1	5	5	235	128	2	10	2	13	6	25	0	2	5636	1	0	1	6	14	1	2	4	2	40	0	778	350	2	32	14	0	2	1	1	0	2	0	0	0	2	7	2	4	0	21	5	2	2	26	1	3	0	0	1	2	2	0	5	1	6	9	1	11	0	4	0	0	2	1	0	2	1
1FDRB	Female	Non-stressed	0	3	0	14	2	100	0	1	2	0	0	2	0	0	0	6	0	7	0	88	0	9	5	0	12	15	0	1	0	1	1	524	12	5	1	0	2	0	0	1	1	10	3	8	0	37	1	13	40	16	4	8	3	8463	1	0	6	12	5	1	0	137	2	2	2	0	1056	43	13	3	5	2	14	6	0	0	433	2	0	4	1	6	0	3	1	2	4	0	179	421	0	7	50	0	1	1	4	3	7	0	0	1	1	16	5	22	27	3	2	1	1	15	1	0	0	2	3	0	1	2	1	0	6	3	1	6	0	8	2	0	2	3	0	1	4
1FDRC	Male	Heat-stressed	0	5	0	5	0	2	0	0	0	0	0	0	13	0	0	1	0	2	0	22	0	1	42	0	3	1	0	0	0	0	0	70	0	0	0	0	0	0	0	5	2	1	8	4	0	206	1	1	6	0	0	0	1	697	0	0	53	2	0	0	15	0	0	0	1	1	10556	1	0	1	0	3	1	1	0	0	83	2	0	1	0	0	1	0	0	0	4	1	9	31	0	1	3	0	0	0	10	7	1	0	0	1	0	0	0	5	77	0	5	0	0	4	0	0	0	0	0	1	0	0	0	0	0	9	0	0	0	0	5	5	0	0	0	0	0
1FERA	Male	Non-stressed	1	3	0	25	3	367	2	9	1	7	0	1	0	0	0	16	1	24	0	33	0	5	1	0	28	84	0	2	2	8	0	219	35	0	1	0	5	0	0	1	0	5	7	38	1	28	0	56	57	107	22	0	10	3696	6	2	4	37	14	0	1	49	8	1	5	2	530	120	3	8	2	15	7	24	0	9	4630	0	2	5	4	10	0	1	5	1	22	0	847	516	3	20	27	0	1	1	1	0	0	0	0	0	2	5	5	16	7	13	3	0	3	34	2	1	0	0	1	6	2	2	5	5	3	4	1	10	0	7	1	1	2	3	0	2	0
1FERB	Female	Non-stressed	0	4	0	1	0	94	0	0	1	0	0	0	0	0	0	2	0	12	1	121	0	13	4	0	16	15	0	0	1	0	0	458	9	4	3	1	3	0	0	2	0	9	10	6	0	44	1	7	25	21	0	4	1	7707	0	2	7	12	0	1	0	90	2	1	1	3	1952	23	11	3	0	7	10	4	1	0	381	0	0	3	1	4	0	2	0	1	7	0	205	400	0	7	74	0	1	0	6	6	2	0	0	0	0	11	7	42	37	8	1	5	2	4	1	0	0	2	1	0	3	3	0	1	5	5	1	10	0	10	8	0	2	0	0	1	0
1FERC	Male	Heat-stressed	0	4	2	2	0	3	0	0	0	0	1	0	12	0	0	0	0	1	0	32	1	0	35	1	0	0	0	0	0	0	0	49	2	0	0	1	0	0	0	5	5	0	8	0	1	183	1	1	1	1	0	0	1	423	0	0	47	0	0	0	0	4	0	0	0	0	10959	1	0	1	0	0	0	0	0	2	37	2	0	1	0	0	0	1	0	0	1	0	0	17	1	0	8	0	0	0	3	16	0	0	0	1	0	2	1	2	91	0	0	0	0	1	0	0	0	1	0	0	0	0	0	0	0	9	0	1	0	2	5	6	1	0	0	0	0
1FERD	Female	Heat-stressed	0	1064	0	3	0	2	0	0	1	0	1	0	0	0	31	2	4	6	0	61	0	3	3	2	30	0	0	0	0	0	119	254	0	0	0	22	0	21	0	1	1	8	2599	4	1	21	24	1	45	1	0	3	0	4484	1	0	3	0	0	0	1	139	0	0	3	1	812	1	6	1	0	4	4	0	2	0	872	1	0	0	0	8	0	363	0	0	3	0	5	732	2	0	31	26	1	1	2	1	3	2	0	2	0	10	17	20	9	7	3	1	0	6	0	0	7	0	0	0	0	1	2	0	4	4	7	9	23	4	7	2	1	0	0	1	0
2FARA	Female	Non-stressed	1	10	0	8	0	92	0	2	0	1	0	0	0	0	0	3	0	7	1	73	0	9	1	0	6	19	0	0	6	0	1	734	6	3	0	0	1	0	0	0	0	5	9	13	0	52	0	24	23	10	2	9	3	9077	0	0	4	10	0	0	1	118	1	1	0	4	592	35	7	1	0	3	25	6	0	0	291	0	0	4	1	0	0	1	0	4	5	0	190	275	2	9	40	0	1	0	4	3	3	0	0	1	2	16	12	24	18	5	0	1	4	8	4	3	0	1	0	0	3	0	2	0	14	10	0	4	0	11	2	1	0	1	0	0	1
2FARB	Male	Non-stressed	1	7	2	29	1	409	4	3	7	1	4	2	1	0	0	21	0	37	0	19	1	3	3	1	29	91	0	1	1	3	2	243	53	1	3	0	7	0	0	1	0	7	8	39	1	8	0	90	60	100	19	1	13	3876	2	5	3	34	14	4	3	56	7	6	2	8	289	179	7	18	4	10	6	17	0	0	4625	0	0	4	10	4	4	3	5	0	31	0	784	426	7	14	13	0	4	4	0	1	0	0	0	0	4	8	6	6	6	23	6	1	1	36	3	0	0	1	2	3	0	1	11	2	1	5	0	29	0	6	1	0	6	2	1	2	1
2FARC	Female	Heat-stressed	0	1163	2	8	0	6	0	0	0	1	18	0	0	0	36	0	7	3	0	26	0	6	2	0	20	2	1	0	0	0	162	343	2	0	0	45	0	23	0	0	0	2	2907	3	0	24	36	2	38	1	0	4	0	4533	0	1	5	0	0	0	1	86	1	0	4	0	635	4	5	5	0	7	3	8	0	4	460	2	2	0	0	1	3	514	0	0	8	0	7	617	11	1	18	27	0	0	2	3	0	5	0	0	0	5	19	13	10	2	3	0	0	9	0	0	8	0	0	0	0	2	1	0	1	0	4	4	28	3	8	0	3	0	1	0	0
2FARD	Male	Heat-stressed	0	5	0	2	0	5	0	0	0	0	0	0	2	0	0	0	0	1	1	75	0	11	10	0	50	1	0	0	0	0	0	295	2	2	0	0	0	0	0	4	0	18	12	3	0	61	1	1	122	1	0	1	1	5159	0	6	14	1	0	0	1	155	0	0	0	0	3018	1	7	1	0	0	7	0	0	1	1597	1	0	0	0	14	0	2	0	2	3	0	4	1007	2	1	33	0	0	0	4	12	0	0	3	2	0	25	8	20	57	23	0	3	1	1	0	0	0	0	0	5	0	3	13	0	9	1	2	29	1	28	1	6	9	0	3	5	2
2FBRA	Female	Non-stressed	0	1	0	6	0	139	1	0	0	2	0	1	0	0	0	2	0	15	1	74	0	9	0	0	12	28	0	0	1	1	0	537	9	1	0	0	0	0	0	1	0	3	15	15	0	21	3	15	21	19	2	4	4	9054	3	2	3	14	6	1	1	104	5	1	1	1	599	59	10	3	3	3	13	5	0	0	298	1	0	1	0	4	0	4	1	0	6	0	314	327	2	8	47	0	1	0	0	6	0	0	0	0	2	13	9	36	17	0	4	1	2	8	3	1	0	2	3	0	1	2	2	0	3	1	0	3	0	2	3	0	6	0	2	0	0
2FBRC	Female	Heat-stressed	0	1244	1	9	0	3	0	1	1	1	2	0	0	2	24	0	4	5	5	38	4	8	3	0	13	0	0	0	0	0	160	352	2	1	0	46	0	29	0	1	0	13	2747	4	0	22	35	0	41	1	0	6	1	4519	0	2	1	0	2	0	0	110	0	0	0	1	611	2	10	3	0	2	4	3	0	0	568	0	1	0	0	7	0	446	0	0	5	1	5	667	7	1	22	29	1	0	1	2	0	0	1	0	1	2	14	13	13	4	2	1	0	10	0	1	3	0	0	0	0	3	1	0	3	2	6	5	30	7	8	0	4	0	1	2	1
2FBRD	Male	Heat-stressed	0	4	0	3	0	10	0	0	0	0	1	0	9	0	0	0	0	5	0	90	0	5	21	0	23	0	0	0	0	0	3	229	2	3	0	0	0	0	0	5	2	10	17	4	0	109	0	2	73	1	1	0	0	3687	0	1	26	0	0	1	0	77	0	0	0	0	5560	4	0	3	0	1	2	1	0	16	1045	3	0	2	0	4	0	2	0	1	4	0	15	586	0	0	54	0	0	0	11	15	0	0	2	2	0	27	11	33	63	20	0	2	2	1	0	1	0	2	0	2	0	4	9	0	4	0	2	21	0	19	4	3	4	0	7	2	0
2FCRA	Female	Non-stressed	0	3	0	15	2	163	2	1	1	2	0	0	0	0	0	3	0	11	0	65	0	6	3	0	17	39	0	0	3	3	0	571	7	3	0	0	0	0	0	0	0	8	7	14	0	12	0	21	34	27	3	7	3	9016	0	0	0	21	6	0	2	119	2	1	4	3	509	61	16	1	4	2	15	4	0	1	286	1	0	1	1	8	0	1	2	0	9	0	315	330	1	5	30	0	2	1	2	5	0	0	0	0	1	18	7	32	16	7	1	0	5	19	3	2	0	2	1	0	3	4	0	4	4	0	0	5	0	8	6	0	3	4	2	0	0
2FCRB	Male	Non-stressed	4	3	0	27	1	422	5	3	7	6	3	0	0	2	0	15	0	31	1	19	1	2	1	0	30	85	0	0	1	9	2	277	62	0	1	2	8	0	0	0	0	10	17	43	3	11	2	69	59	102	18	3	9	4431	2	0	1	60	18	6	4	54	7	6	6	3	346	167	6	12	0	21	7	26	0	0	3666	0	0	2	13	11	0	0	2	1	19	0	910	621	6	19	13	0	4	4	1	1	0	0	0	0	3	12	0	7	4	13	7	1	0	36	2	2	0	0	3	9	2	3	7	5	2	1	0	16	0	6	2	1	2	2	0	0	0
2FCRC	Female	Heat-stressed	0	921	3	9	0	1	0	0	0	0	2	0	0	3	20	0	2	5	2	31	0	6	1	0	34	2	2	0	0	1	133	463	3	2	0	33	0	21	0	1	0	16	2203	3	0	28	40	3	61	1	0	3	0	4954	1	2	3	2	0	1	7	79	0	0	3	1	716	1	8	3	0	3	10	4	0	0	539	9	0	0	0	5	0	552	1	0	8	0	6	766	9	1	20	28	5	2	1	3	0	2	0	0	0	16	10	13	18	6	2	3	2	9	0	0	7	1	0	3	0	4	3	0	1	0	6	7	51	5	14	2	2	0	1	0	0
2FCRD	Male	Heat-stressed	0	3	1	1	0	5	0	0	0	0	1	0	10	0	0	0	0	1	0	101	0	6	16	0	52	0	0	0	1	0	1	262	0	3	0	0	0	0	0	0	2	12	19	1	0	87	0	0	87	1	0	1	0	3966	0	3	17	1	1	0	1	92	0	0	1	0	4877	3	5	2	0	0	5	2	0	1	1286	2	1	0	0	16	0	0	0	0	2	0	13	695	1	0	54	0	0	0	10	9	0	0	0	2	0	28	3	27	74	17	0	3	1	3	0	0	0	1	1	1	0	3	10	0	5	2	0	31	1	16	8	10	8	0	1	2	2
2FDRA	Female	Non-stressed	2	8	3	6	5	201	2	2	2	1	0	0	0	0	1	11	0	7	0	24	0	9	0	5	17	40	0	0	0	3	3	595	9	3	0	0	1	0	1	0	0	7	13	17	0	15	2	26	24	36	3	9	4	9131	0	1	2	25	4	2	4	101	5	3	2	4	252	54	14	0	4	7	11	10	0	0	315	0	0	4	2	11	0	3	2	1	22	1	408	350	0	9	13	0	0	1	1	1	0	0	0	0	1	11	1	4	7	3	0	0	4	9	5	3	0	1	3	1	2	1	2	4	3	0	0	5	0	15	3	2	4	3	2	1	3
2FDRB	Male	Non-stressed	2	6	0	35	4	404	11	3	2	4	0	2	0	0	0	19	0	42	2	13	0	1	1	0	37	129	0	0	2	7	0	229	37	0	4	1	2	0	0	0	0	7	8	34	0	5	2	58	48	91	10	6	11	3010	0	2	1	45	7	5	5	55	11	0	1	8	174	137	6	7	7	8	7	33	0	2	5794	0	0	4	5	18	1	0	3	0	23	0	777	384	4	20	4	0	2	3	1	1	0	0	2	0	4	10	4	5	4	19	7	0	0	29	5	1	0	0	2	1	3	0	4	3	4	1	0	23	1	3	1	1	3	3	1	0	2
2FDRC	Female	Heat-stressed	1	1361	0	7	0	4	1	0	4	0	2	0	0	5	35	2	3	3	2	20	0	3	0	2	15	0	0	4	0	0	173	283	4	0	0	50	0	31	0	0	0	0	3177	9	0	7	34	0	30	0	0	4	0	4329	0	3	1	0	0	0	1	91	0	0	1	2	391	2	4	5	0	0	5	6	0	0	568	3	1	0	0	7	0	540	4	0	0	1	9	611	12	1	10	22	0	1	3	4	0	3	0	0	1	6	3	3	15	5	1	0	0	5	0	2	3	0	0	0	0	0	1	0	3	0	0	4	17	6	6	1	1	0	0	0	0
2FERA	Female	Non-stressed	0	5	0	10	2	157	1	0	2	0	0	0	0	1	0	7	0	14	2	64	0	9	1	0	11	38	0	0	1	3	2	501	11	1	0	0	1	0	0	0	0	5	11	23	0	11	1	23	29	31	5	4	3	8841	2	1	5	23	4	0	3	97	7	4	1	7	707	55	15	1	2	8	8	8	3	0	322	1	2	3	4	5	0	1	6	1	14	0	358	261	1	12	42	1	0	1	0	1	0	0	2	1	3	23	1	22	13	5	3	0	5	14	6	3	1	9	6	0	3	2	0	3	1	0	0	6	0	12	6	0	10	7	0	1	4
2FERB	Male	Non-stressed	4	5	0	28	1	347	5	4	4	4	0	8	0	0	0	17	0	33	0	13	1	5	0	0	39	86	0	0	3	5	0	185	19	1	2	0	6	0	1	0	0	7	8	45	0	10	5	54	52	105	10	1	8	3352	3	7	2	41	13	2	3	54	6	2	8	9	324	148	5	8	3	6	5	12	0	1	5406	0	0	2	6	8	0	1	9	0	35	0	804	370	1	24	12	0	2	2	0	1	0	0	4	0	2	7	1	10	7	15	7	1	0	48	2	3	0	1	1	6	4	0	5	1	3	2	0	33	0	1	2	0	3	2	0	1	0
2FERC	Female	Heat-stressed	0	1258	2	15	0	3	0	0	1	0	0	0	0	0	23	0	7	16	5	23	0	4	7	1	16	3	0	0	0	0	168	298	1	2	1	43	0	19	0	1	0	13	2738	3	0	18	40	5	39	0	0	2	0	4530	0	2	6	0	0	0	0	91	0	0	2	0	831	3	6	7	0	2	6	2	0	2	434	13	2	0	0	2	2	487	0	2	7	0	8	592	14	0	16	28	0	1	0	0	0	2	2	1	0	6	5	7	13	0	1	0	0	10	0	1	6	0	0	3	0	1	4	0	3	0	5	5	31	7	9	0	3	0	1	0	1
2FERD	Male	Heat-stressed	0	5	0	0	0	5	0	0	1	0	0	0	2	0	0	0	0	2	0	72	0	12	10	0	61	1	0	0	0	0	2	306	0	2	0	0	0	0	0	2	3	8	14	1	0	39	0	0	125	1	0	6	0	5335	0	5	12	0	0	0	0	160	0	0	0	0	2790	1	10	0	0	0	10	0	0	0	1731	3	0	0	0	15	0	0	0	0	1	0	8	973	1	0	50	0	1	1	4	12	0	0	2	0	0	33	0	25	48	10	0	3	0	1	0	1	0	1	0	2	0	3	8	0	8	2	0	22	0	12	3	3	2	0	2	5	1